{"camera_angle_x": 1.0471975511965976, "frames": [{"file_path": "img/0000", "transform_matrix": [[-1.0, -0.0, -0.0, -0.0], [-0.0, 0.5000000000000001, -0.8660254037844386, -1.905255888325765], [-0.0, -0.8660254037844385, -0.5000000000000001, -1.1000000000000003], [0.0, 0.0, 0.0, 1.0]]}, {"file_path": "img/0001", "transform_matrix": [[-1.0, -0.0, -0.0, -0.0], [0.0, 0.7660444431189781, -0.6427876096865395, -1.4141327413103868], [-0.0, -0.6427876096865394, -0.7660444431189782, -1.6852977748617521], [0.0, 0.0, 0.0, 1.0]]}, {"file_path": "img/0002", "transform_matrix": [[-1.0, -0.0, -0.0, -0.0], [0.0, 0.9396926207859085, -0.3420201433256687, -0.7524443153164713], [-0.0, -0.34202014332566877, -0.9396926207859084, -2.067323765728999], [0.0, 0.0, 0.0, 1.0]]}, {"file_path": "img/0003", "transform_matrix": [[-1.0, -0.0, -0.0, -0.0], [0.0, 1.0, 0.0, 0.0], [-0.0, -0.0, -1.0, -2.2], [0.0, 0.0, 0.0, 1.0]]}, {"file_path": "img/0004", "transform_matrix": [[-1.0, -0.0, -0.0, -0.0], [0.0, 0.9396926207859085, 0.3420201433256687, 0.7524443153164713], [-0.0, 0.34202014332566877, -0.9396926207859084, -2.067323765728999], [0.0, 0.0, 0.0, 1.0]]}, {"file_path": "img/0005", "transform_matrix": [[-1.0, -0.0, -0.0, -0.0], [0.0, 0.7660444431189781, 0.6427876096865395, 1.4141327413103868], [-0.0, 0.6427876096865394, -0.7660444431189782, -1.6852977748617521], [0.0, 0.0, 0.0, 1.0]]}, {"file_path": "img/0006", "transform_matrix": [[-0.9396926207859083, 0.2961981327260237, 0.17101007166283438, 0.3762221576582357], [-0.0, 0.5000000000000001, -0.8660254037844385, -1.905255888325765], [-0.3420201433256686, -0.8137976813493735, -0.4698463103929543, -1.0336618828644997], [0.0, 0.0, 0.0, 1.0]]}, {"file_path": "img/0007", "transform_matrix": [[-0.9396926207859084, 0.2198463103929542, 0.26200263022938497, 0.5764057865046471], [-3.623233072825523e-17, 0.766044443118978, -0.6427876096865394, -1.4141327413103868], [-0.3420201433256687, -0.6040227735550537, -0.7198463103929543, -1.5836618828644997], [0.0, 0.0, 0.0, 1.0]]}, {"file_path": "img/0008", "transform_matrix": [[-0.9396926207859083, 0.11697777844051101, 0.3213938048432697, 0.7070663706551935], [-4.4305299948640084e-17, 0.9396926207859085, -0.3420201433256687, -0.7524443153164713], [-0.34202014332566877, -0.32139380484326974, -0.8830222215594892, -1.9426488874308765], [0.0, 0.0, 0.0, 1.0]]}, {"file_path": "img/0009", "transform_matrix": [[-0.9396926207859084, -0.0, 0.3420201433256687, 0.7524443153164714], [0.0, 1.0000000000000002, 0.0, 0.0], [-0.34202014332566866, -0.0, -0.9396926207859084, -2.067323765728999], [0.0, 0.0, 0.0, 1.0]]}, {"file_path": "img/0010", "transform_matrix": [[-0.9396926207859083, -0.11697777844051101, 0.3213938048432697, 0.7070663706551935], [4.4305299948640084e-17, 0.9396926207859085, 0.3420201433256687, 0.7524443153164713], [-0.34202014332566877, 0.32139380484326974, -0.8830222215594892, -1.9426488874308765], [0.0, 0.0, 0.0, 1.0]]}, {"file_path": "img/0011", "transform_matrix": [[-0.9396926207859084, -0.2198463103929542, 0.26200263022938497, 0.5764057865046471], [3.623233072825523e-17, 0.766044443118978, 0.6427876096865394, 1.4141327413103868], [-0.3420201433256687, 0.6040227735550537, -0.7198463103929543, -1.5836618828644997], [0.0, 0.0, 0.0, 1.0]]}, {"file_path": "img/0012", "transform_matrix": [[-0.7660444431189781, 0.5566703992264193, 0.3213938048432697, 0.7070663706551933], [-0.0, 0.5000000000000001, -0.8660254037844387, -1.905255888325765], [-0.6427876096865393, -0.6634139481689384, -0.38302222155948906, -0.842648887430876], [0.0, 0.0, 0.0, 1.0]]}, {"file_path": "img/0013", "transform_matrix": [[-0.766044443118978, 0.4131759111665348, 0.49240387650610407, 1.0832885283134293], [0.0, 0.7660444431189781, -0.6427876096865394, -1.4141327413103868], [-0.6427876096865393, -0.49240387650610407, -0.5868240888334653, -1.2910129954336238], [0.0, 0.0, 0.0, 1.0]]}, {"file_path": "img/0014", "transform_matrix": [[-0.7660444431189779, 0.2198463103929542, 0.6040227735550537, 1.3288501018211183], [0.0, 0.9396926207859084, -0.34202014332566866, -0.7524443153164714], [-0.6427876096865395, -0.2620026302293849, -0.7198463103929542, -1.5836618828644995], [0.0, 0.0, 0.0, 1.0]]}, {"file_path": "img/0015", "transform_matrix": [[-0.766044443118978, -0.0, 0.6427876096865395, 1.4141327413103868], [0.0, 1.0, 0.0, 0.0], [-0.6427876096865393, -0.0, -0.7660444431189782, -1.6852977748617521], [0.0, 0.0, 0.0, 1.0]]}, {"file_path": "img/0016", "transform_matrix": [[-0.7660444431189779, -0.2198463103929542, 0.6040227735550537, 1.3288501018211183], [0.0, 0.9396926207859084, 0.34202014332566866, 0.7524443153164714], [-0.6427876096865395, 0.2620026302293849, -0.7198463103929542, -1.5836618828644995], [0.0, 0.0, 0.0, 1.0]]}, {"file_path": "img/0017", "transform_matrix": [[-0.766044443118978, -0.4131759111665348, 0.49240387650610407, 1.0832885283134293], [0.0, 0.7660444431189781, 0.6427876096865394, 1.4141327413103868], [-0.6427876096865393, 0.49240387650610407, -0.5868240888334653, -1.2910129954336238], [0.0, 0.0, 0.0, 1.0]]}, {"file_path": "img/0018", "transform_matrix": [[-0.5000000000000001, 0.75, 0.4330127018922194, 0.9526279441628828], [-0.0, 0.5000000000000001, -0.8660254037844385, -1.9052558883257649], [-0.8660254037844385, -0.43301270189221935, -0.25000000000000006, -0.55], [0.0, 0.0, 0.0, 1.0]]}, {"file_path": "img/0019", "transform_matrix": [[-0.5000000000000001, 0.5566703992264193, 0.6634139481689384, 1.4595106859716644], [-3.6826872005731775e-17, 0.766044443118978, -0.6427876096865393, -1.4141327413103866], [-0.8660254037844385, -0.32139380484326974, -0.38302222155948923, -0.8426488874308763], [0.0, 0.0, 0.0, 1.0]]}, {"file_path": "img/0020", "transform_matrix": [[-0.5000000000000001, 0.29619813272602386, 0.8137976813493737, 1.7903548989686222], [0.0, 0.9396926207859084, -0.3420201433256687, -0.7524443153164713], [-0.8660254037844385, -0.17101007166283436, -0.46984631039295427, -1.0336618828644997], [0.0, 0.0, 0.0, 1.0]]}, {"file_path": "img/0021", "transform_matrix": [[-0.5000000000000001, 0.0, 0.8660254037844386, 1.905255888325765], [0.0, 1.0, 0.0, 0.0], [-0.8660254037844385, -0.0, -0.5000000000000001, -1.1000000000000003], [0.0, 0.0, 0.0, 1.0]]}, {"file_path": "img/0022", "transform_matrix": [[-0.5000000000000001, -0.29619813272602386, 0.8137976813493737, 1.7903548989686222], [0.0, 0.9396926207859084, 0.3420201433256687, 0.7524443153164713], [-0.8660254037844385, 0.17101007166283436, -0.46984631039295427, -1.0336618828644997], [0.0, 0.0, 0.0, 1.0]]}, {"file_path": "img/0023", "transform_matrix": [[-0.5000000000000001, -0.5566703992264193, 0.6634139481689384, 1.4595106859716644], [3.6826872005731775e-17, 0.766044443118978, 0.6427876096865393, 1.4141327413103866], [-0.8660254037844385, 0.32139380484326974, -0.38302222155948923, -0.8426488874308763], [0.0, 0.0, 0.0, 1.0]]}, {"file_path": "img/0024", "transform_matrix": [[-0.17364817766693041, 0.852868531952443, 0.4924038765061041, 1.0832885283134293], [-0.0, 0.5, -0.8660254037844387, -1.9052558883257653], [-0.9848077530122079, -0.15038373318043533, -0.08682408883346523, -0.19101299543362354], [0.0, 0.0, 0.0, 1.0]]}, {"file_path": "img/0025", "transform_matrix": [[-0.17364817766693041, 0.6330222215594892, 0.7544065067354891, 1.6596943148180756], [-2.093898684261933e-17, 0.7660444431189782, -0.6427876096865394, -1.4141327413103868], [-0.9848077530122079, -0.11161889704894973, -0.1330222215594891, -0.29264888743087597], [0.0, 0.0, 0.0, 1.0]]}, {"file_path": "img/0026", "transform_matrix": [[-0.17364817766693044, 0.33682408883346515, 0.9254165783983235, 2.0359164724763117], [0.0, 0.9396926207859084, -0.34202014332566877, -0.7524443153164714], [-0.9848077530122081, -0.05939117461388474, -0.16317591116653496, -0.3589870045663769], [0.0, 0.0, 0.0, 1.0]]}, {"file_path": "img/0027", "transform_matrix": [[-0.17364817766693041, 0.0, 0.9848077530122082, 2.1665770566268576], [0.0, 1.0000000000000002, 0.0, 0.0], [-0.9848077530122079, -0.0, -0.17364817766693044, -0.3820259908672469], [0.0, 0.0, 0.0, 1.0]]}, {"file_path": "img/0028", "transform_matrix": [[-0.17364817766693044, -0.33682408883346515, 0.9254165783983235, 2.0359164724763117], [0.0, 0.9396926207859084, 0.34202014332566877, 0.7524443153164714], [-0.9848077530122081, 0.05939117461388474, -0.16317591116653496, -0.3589870045663769], [0.0, 0.0, 0.0, 1.0]]}, {"file_path": "img/0029", "transform_matrix": [[-0.17364817766693041, -0.6330222215594892, 0.7544065067354891, 1.6596943148180756], [2.093898684261933e-17, 0.7660444431189782, 0.6427876096865394, 1.4141327413103868], [-0.9848077530122079, 0.11161889704894973, -0.1330222215594891, -0.29264888743087597], [0.0, 0.0, 0.0, 1.0]]}, {"file_path": "img/0030", "transform_matrix": [[0.17364817766693028, 0.852868531952443, 0.4924038765061042, 1.0832885283134293], [-1.183592851439823e-17, 0.5, -0.8660254037844387, -1.9052558883257653], [-0.9848077530122079, 0.15038373318043524, 0.08682408883346518, 0.1910129954336234], [0.0, 0.0, 0.0, 1.0]]}, {"file_path": "img/0031", "transform_matrix": [[0.1736481776669303, 0.6330222215594892, 0.7544065067354891, 1.659694314818076], [1.0469493421309665e-17, 0.7660444431189782, -0.6427876096865394, -1.4141327413103868], [-0.9848077530122079, 0.11161889704894966, 0.133022221559489, 0.29264888743087586], [0.0, 0.0, 0.0, 1.0]]}, {"file_path": "img/0032", "transform_matrix": [[0.17364817766693033, 0.33682408883346515, 0.9254165783983231, 2.0359164724763117], [-1.2842734908845625e-17, 0.9396926207859084, -0.34202014332566877, -0.7524443153164714], [-0.9848077530122081, 0.0593911746138847, 0.1631759111665348, 0.3589870045663767], [0.0, 0.0, 0.0, 1.0]]}, {"file_path": "img/0033", "transform_matrix": [[0.1736481776669303, 0.0, 0.9848077530122082, 2.1665770566268576], [0.0, 1.0000000000000002, 0.0, 0.0], [-0.9848077530122079, -0.0, 0.17364817766693033, 0.3820259908672467], [0.0, 0.0, 0.0, 1.0]]}, {"file_path": "img/0034", "transform_matrix": [[0.17364817766693033, -0.33682408883346515, 0.9254165783983231, 2.0359164724763117], [1.2842734908845625e-17, 0.9396926207859084, 0.34202014332566877, 0.7524443153164714], [-0.9848077530122081, -0.0593911746138847, 0.1631759111665348, 0.3589870045663767], [0.0, 0.0, 0.0, 1.0]]}, {"file_path": "img/0035", "transform_matrix": [[0.1736481776669303, -0.6330222215594892, 0.7544065067354891, 1.659694314818076], [-1.0469493421309665e-17, 0.7660444431189782, 0.6427876096865394, 1.4141327413103868], [-0.9848077530122079, -0.11161889704894966, 0.133022221559489, 0.29264888743087586], [0.0, 0.0, 0.0, 1.0]]}, {"file_path": "img/0036", "transform_matrix": [[0.49999999999999983, 0.7500000000000001, 0.43301270189221946, 0.952627944162883], [2.0816681711721685e-17, 0.5000000000000001, -0.8660254037844385, -1.9052558883257649], [-0.8660254037844388, 0.43301270189221913, 0.24999999999999992, 0.5499999999999997], [0.0, 0.0, 0.0, 1.0]]}, {"file_path": "img/0037", "transform_matrix": [[0.49999999999999983, 0.5566703992264196, 0.6634139481689386, 1.4595106859716647], [3.6826872005731793e-17, 0.7660444431189782, -0.6427876096865394, -1.4141327413103866], [-0.8660254037844387, 0.3213938048432696, 0.3830222215594889, 0.8426488874308754], [0.0, 0.0, 0.0, 1.0]]}, {"file_path": "img/0038", "transform_matrix": [[0.4999999999999998, 0.29619813272602386, 0.8137976813493737, 1.7903548989686229], [0.0, 0.9396926207859084, -0.3420201433256687, -0.7524443153164713], [-0.8660254037844388, 0.1710100716628343, 0.469846310392954, 1.033661882864499], [0.0, 0.0, 0.0, 1.0]]}, {"file_path": "img/0039", "transform_matrix": [[0.49999999999999983, 0.0, 0.8660254037844388, 1.9052558883257653], [0.0, 1.0, 0.0, 0.0], [-0.8660254037844387, -0.0, 0.49999999999999983, 1.0999999999999999], [0.0, 0.0, 0.0, 1.0]]}, {"file_path": "img/0040", "transform_matrix": [[0.4999999999999998, -0.29619813272602386, 0.8137976813493737, 1.7903548989686229], [0.0, 0.9396926207859084, 0.3420201433256687, 0.7524443153164713], [-0.8660254037844388, -0.1710100716628343, 0.469846310392954, 1.033661882864499], [0.0, 0.0, 0.0, 1.0]]}, {"file_path": "img/0041", "transform_matrix": [[0.49999999999999983, -0.5566703992264196, 0.6634139481689386, 1.4595106859716647], [-3.6826872005731793e-17, 0.7660444431189782, 0.6427876096865394, 1.4141327413103866], [-0.8660254037844387, -0.3213938048432696, 0.3830222215594889, 0.8426488874308754], [0.0, 0.0, 0.0, 1.0]]}, {"file_path": "img/0042", "transform_matrix": [[0.766044443118978, 0.5566703992264195, 0.3213938048432698, 0.7070663706551935], [-6.409875621278547e-17, 0.5000000000000002, -0.8660254037844385, -1.905255888325765], [-0.6427876096865395, 0.6634139481689383, 0.38302222155948906, 0.8426488874308758], [0.0, 0.0, 0.0, 1.0]]}, {"file_path": "img/0043", "transform_matrix": [[0.766044443118978, 0.41317591116653496, 0.4924038765061041, 1.0832885283134293], [0.0, 0.766044443118978, -0.6427876096865394, -1.4141327413103868], [-0.6427876096865393, 0.492403876506104, 0.5868240888334652, 1.2910129954336234], [0.0, 0.0, 0.0, 1.0]]}, {"file_path": "img/0044", "transform_matrix": [[0.766044443118978, 0.21984631039295413, 0.6040227735550538, 1.3288501018211187], [-5.907373326485342e-17, 0.9396926207859082, -0.3420201433256686, -0.7524443153164713], [-0.6427876096865394, 0.26200263022938475, 0.7198463103929539, 1.583661882864499], [0.0, 0.0, 0.0, 1.0]]}, {"file_path": "img/0045", "transform_matrix": [[0.766044443118978, 0.0, 0.6427876096865395, 1.414132741310387], [0.0, 1.0, 0.0, 0.0], [-0.6427876096865395, 0.0, 0.7660444431189779, 1.6852977748617515], [0.0, 0.0, 0.0, 1.0]]}, {"file_path": "img/0046", "transform_matrix": [[0.766044443118978, -0.21984631039295413, 0.6040227735550538, 1.3288501018211187], [5.907373326485342e-17, 0.9396926207859082, 0.3420201433256686, 0.7524443153164713], [-0.6427876096865394, -0.26200263022938475, 0.7198463103929539, 1.583661882864499], [0.0, 0.0, 0.0, 1.0]]}, {"file_path": "img/0047", "transform_matrix": [[0.766044443118978, -0.41317591116653496, 0.4924038765061041, 1.0832885283134293], [0.0, 0.766044443118978, 0.6427876096865394, 1.4141327413103868], [-0.6427876096865393, -0.492403876506104, 0.5868240888334652, 1.2910129954336234], [0.0, 0.0, 0.0, 1.0]]}, {"file_path": "img/0048", "transform_matrix": [[0.9396926207859084, 0.2961981327260239, 0.1710100716628345, 0.3762221576582359], [-3.2049378106392736e-17, 0.5000000000000001, -0.8660254037844385, -1.905255888325765], [-0.34202014332566893, 0.8137976813493736, 0.4698463103929543, 1.0336618828644994], [0.0, 0.0, 0.0, 1.0]]}, {"file_path": "img/0049", "transform_matrix": [[0.9396926207859083, 0.21984631039295424, 0.26200263022938514, 0.5764057865046472], [3.623233072825522e-17, 0.766044443118978, -0.6427876096865393, -1.4141327413103868], [-0.3420201433256689, 0.6040227735550536, 0.7198463103929543, 1.5836618828644995], [0.0, 0.0, 0.0, 1.0]]}, {"file_path": "img/0050", "transform_matrix": [[0.9396926207859084, 0.116977778440511, 0.3213938048432698, 0.7070663706551937], [-1.476843331621336e-17, 0.9396926207859083, -0.3420201433256686, -0.7524443153164712], [-0.3420201433256689, 0.3213938048432695, 0.8830222215594888, 1.942648887430876], [0.0, 0.0, 0.0, 1.0]]}, {"file_path": "img/0051", "transform_matrix": [[0.9396926207859083, 0.0, 0.34202014332566893, 0.7524443153164716], [0.0, 1.0, 0.0, 0.0], [-0.3420201433256688, 0.0, 0.9396926207859083, 2.0673237657289985], [0.0, 0.0, 0.0, 1.0]]}, {"file_path": "img/0052", "transform_matrix": [[0.9396926207859084, -0.116977778440511, 0.3213938048432698, 0.7070663706551937], [1.476843331621336e-17, 0.9396926207859083, 0.3420201433256686, 0.7524443153164712], [-0.3420201433256689, -0.3213938048432695, 0.8830222215594888, 1.942648887430876], [0.0, 0.0, 0.0, 1.0]]}, {"file_path": "img/0053", "transform_matrix": [[0.9396926207859083, -0.21984631039295424, 0.26200263022938514, 0.5764057865046472], [-3.623233072825522e-17, 0.766044443118978, 0.6427876096865393, 1.4141327413103868], [-0.3420201433256689, -0.6040227735550536, 0.7198463103929543, 1.5836618828644995], [0.0, 0.0, 0.0, 1.0]]}, {"file_path": "img/0054", "transform_matrix": [[1.0, 1.0605752387249067e-16, 6.123233995736767e-17, 1.347111479062089e-16], [-0.0, 0.5000000000000001, -0.8660254037844386, -1.905255888325765], [-1.2246467991473532e-16, 0.8660254037844385, 0.5000000000000001, 1.1000000000000003], [0.0, 0.0, 0.0, 1.0]]}, {"file_path": "img/0055", "transform_matrix": [[1.0, 7.871877887341986e-17, 9.381338752702733e-17, 2.0638945255946016e-16], [1.6090387124137008e-32, 0.7660444431189781, -0.6427876096865395, -1.4141327413103868], [-1.2246467991473535e-16, 0.6427876096865394, 0.7660444431189782, 1.6852977748617521], [0.0, 0.0, 0.0, 1.0]]}, {"file_path": "img/0056", "transform_matrix": [[1.0, 4.1885387376769924e-17, 1.1507915602278503e-16, 2.531741432501271e-16], [6.558501882120532e-33, 0.9396926207859085, -0.3420201433256687, -0.7524443153164713], [-1.2246467991473535e-16, 0.34202014332566877, 0.9396926207859084, 2.067323765728999], [0.0, 0.0, 0.0, 1.0]]}, {"file_path": "img/0057", "transform_matrix": [[1.0, 0.0, 1.2246467991473532e-16, 2.6942229581241775e-16], [0.0, 1.0, 0.0, 0.0], [-1.2246467991473532e-16, 0.0, 1.0, 2.2], [0.0, 0.0, 0.0, 1.0]]}, {"file_path": "img/0058", "transform_matrix": [[1.0, -4.1885387376769924e-17, 1.1507915602278503e-16, 2.531741432501271e-16], [-6.558501882120532e-33, 0.9396926207859085, 0.3420201433256687, 0.7524443153164713], [-1.2246467991473535e-16, -0.34202014332566877, 0.9396926207859084, 2.067323765728999], [0.0, 0.0, 0.0, 1.0]]}, {"file_path": "img/0059", "transform_matrix": [[1.0, -7.871877887341986e-17, 9.381338752702733e-17, 2.0638945255946016e-16], [-1.6090387124137008e-32, 0.7660444431189781, 0.6427876096865395, 1.4141327413103868], [-1.2246467991473535e-16, -0.6427876096865394, 0.7660444431189782, 1.6852977748617521], [0.0, 0.0, 0.0, 1.0]]}, {"file_path": "img/0060", "transform_matrix": [[0.9396926207859083, -0.2961981327260237, -0.17101007166283436, -0.3762221576582356], [-0.0, 0.5000000000000001, -0.8660254037844385, -1.905255888325765], [0.34202014332566855, 0.8137976813493735, 0.4698463103929543, 1.0336618828644994], [0.0, 0.0, 0.0, 1.0]]}, {"file_path": "img/0061", "transform_matrix": [[0.9396926207859084, -0.2198463103929542, -0.26200263022938497, -0.576405786504647], [-3.623233072825523e-17, 0.766044443118978, -0.6427876096865394, -1.4141327413103868], [0.3420201433256687, 0.6040227735550537, 0.7198463103929543, 1.5836618828644995], [0.0, 0.0, 0.0, 1.0]]}, {"file_path": "img/0062", "transform_matrix": [[0.9396926207859084, -0.11697777844051098, -0.3213938048432696, -0.7070663706551934], [-2.9536866632426725e-17, 0.9396926207859086, -0.34202014332566877, -0.7524443153164714], [0.34202014332566866, 0.32139380484326974, 0.8830222215594892, 1.9426488874308765], [0.0, 0.0, 0.0, 1.0]]}, {"file_path": "img/0063", "transform_matrix": [[0.9396926207859083, 0.0, -0.3420201433256686, -0.7524443153164712], [0.0, 0.9999999999999998, 0.0, 0.0], [0.34202014332566855, 0.0, 0.9396926207859083, 2.067323765728999], [0.0, 0.0, 0.0, 1.0]]}, {"file_path": "img/0064", "transform_matrix": [[0.9396926207859084, 0.11697777844051098, -0.3213938048432696, -0.7070663706551934], [2.9536866632426725e-17, 0.9396926207859086, 0.34202014332566877, 0.7524443153164714], [0.34202014332566866, -0.32139380484326974, 0.8830222215594892, 1.9426488874308765], [0.0, 0.0, 0.0, 1.0]]}, {"file_path": "img/0065", "transform_matrix": [[0.9396926207859084, 0.2198463103929542, -0.26200263022938497, -0.576405786504647], [3.623233072825523e-17, 0.766044443118978, 0.6427876096865394, 1.4141327413103868], [0.3420201433256687, -0.6040227735550537, 0.7198463103929543, 1.5836618828644995], [0.0, 0.0, 0.0, 1.0]]}, {"file_path": "img/0066", "transform_matrix": [[0.7660444431189781, -0.5566703992264193, -0.3213938048432697, -0.7070663706551933], [-0.0, 0.5000000000000001, -0.8660254037844387, -1.905255888325765], [0.6427876096865393, 0.6634139481689384, 0.38302222155948906, 0.842648887430876], [0.0, 0.0, 0.0, 1.0]]}, {"file_path": "img/0067", "transform_matrix": [[0.766044443118978, -0.4131759111665348, -0.49240387650610407, -1.0832885283134293], [0.0, 0.7660444431189781, -0.6427876096865394, -1.4141327413103868], [0.6427876096865393, 0.49240387650610407, 0.5868240888334653, 1.2910129954336238], [0.0, 0.0, 0.0, 1.0]]}, {"file_path": "img/0068", "transform_matrix": [[0.7660444431189779, -0.2198463103929542, -0.6040227735550537, -1.3288501018211183], [0.0, 0.9396926207859084, -0.34202014332566866, -0.7524443153164714], [0.6427876096865395, 0.2620026302293849, 0.7198463103929542, 1.5836618828644995], [0.0, 0.0, 0.0, 1.0]]}, {"file_path": "img/0069", "transform_matrix": [[0.766044443118978, 0.0, -0.6427876096865395, -1.4141327413103868], [0.0, 1.0, 0.0, 0.0], [0.6427876096865393, 0.0, 0.7660444431189782, 1.6852977748617521], [0.0, 0.0, 0.0, 1.0]]}, {"file_path": "img/0070", "transform_matrix": [[0.7660444431189779, 0.2198463103929542, -0.6040227735550537, -1.3288501018211183], [0.0, 0.9396926207859084, 0.34202014332566866, 0.7524443153164714], [0.6427876096865395, -0.2620026302293849, 0.7198463103929542, 1.5836618828644995], [0.0, 0.0, 0.0, 1.0]]}, {"file_path": "img/0071", "transform_matrix": [[0.766044443118978, 0.4131759111665348, -0.49240387650610407, -1.0832885283134293], [0.0, 0.7660444431189781, 0.6427876096865394, 1.4141327413103868], [0.6427876096865393, -0.49240387650610407, 0.5868240888334653, 1.2910129954336238], [0.0, 0.0, 0.0, 1.0]]}, {"file_path": "img/0072", "transform_matrix": [[0.5000000000000004, -0.7499999999999997, -0.4330127018922193, -0.9526279441628827], [-4.163336342344335e-17, 0.5000000000000001, -0.8660254037844387, -1.9052558883257653], [0.8660254037844382, 0.4330127018922197, 0.2500000000000003, 0.5500000000000006], [0.0, 0.0, 0.0, 1.0]]}, {"file_path": "img/0073", "transform_matrix": [[0.5000000000000003, -0.5566703992264191, -0.6634139481689383, -1.4595106859716644], [0.0, 0.7660444431189779, -0.6427876096865393, -1.4141327413103866], [0.8660254037844382, 0.3213938048432699, 0.3830222215594895, 0.8426488874308768], [0.0, 0.0, 0.0, 1.0]]}, {"file_path": "img/0074", "transform_matrix": [[0.5000000000000004, -0.2961981327260238, -0.8137976813493736, -1.790354898968622], [2.2587423080516025e-17, 0.9396926207859086, -0.3420201433256688, -0.7524443153164715], [0.8660254037844384, 0.17101007166283455, 0.46984631039295466, 1.0336618828645003], [0.0, 0.0, 0.0, 1.0]]}, {"file_path": "img/0075", "transform_matrix": [[0.5000000000000004, -0.0, -0.8660254037844384, -1.9052558883257646], [0.0, 1.0, 0.0, 0.0], [0.8660254037844384, 0.0, 0.5000000000000004, 1.100000000000001], [0.0, 0.0, 0.0, 1.0]]}, {"file_path": "img/0076", "transform_matrix": [[0.5000000000000004, 0.2961981327260238, -0.8137976813493736, -1.790354898968622], [-2.2587423080516025e-17, 0.9396926207859086, 0.3420201433256688, 0.7524443153164715], [0.8660254037844384, -0.17101007166283455, 0.46984631039295466, 1.0336618828645003], [0.0, 0.0, 0.0, 1.0]]}, {"file_path": "img/0077", "transform_matrix": [[0.5000000000000003, 0.5566703992264191, -0.6634139481689383, -1.4595106859716644], [0.0, 0.7660444431189779, 0.6427876096865393, 1.4141327413103866], [0.8660254037844382, -0.3213938048432699, 0.3830222215594895, 0.8426488874308768], [0.0, 0.0, 0.0, 1.0]]}, {"file_path": "img/0078", "transform_matrix": [[0.1736481776669303, -0.852868531952443, -0.4924038765061042, -1.0832885283134293], [1.183592851439823e-17, 0.5, -0.8660254037844387, -1.9052558883257653], [0.9848077530122079, 0.15038373318043527, 0.0868240888334652, 0.19101299543362343], [0.0, 0.0, 0.0, 1.0]]}, {"file_path": "img/0079", "transform_matrix": [[0.1736481776669303, -0.6330222215594892, -0.7544065067354891, -1.659694314818076], [-1.0469493421309665e-17, 0.7660444431189782, -0.6427876096865394, -1.4141327413103868], [0.9848077530122079, 0.11161889704894966, 0.133022221559489, 0.29264888743087586], [0.0, 0.0, 0.0, 1.0]]}, {"file_path": "img/0080", "transform_matrix": [[0.17364817766693036, -0.33682408883346515, -0.9254165783983231, -2.0359164724763117], [1.2842734908845625e-17, 0.9396926207859084, -0.34202014332566877, -0.7524443153164714], [0.9848077530122081, 0.0593911746138847, 0.16317591116653482, 0.3589870045663767], [0.0, 0.0, 0.0, 1.0]]}, {"file_path": "img/0081", "transform_matrix": [[0.17364817766693033, -0.0, -0.9848077530122082, -2.1665770566268576], [0.0, 1.0000000000000002, 0.0, 0.0], [0.9848077530122079, 0.0, 0.17364817766693036, 0.3820259908672467], [0.0, 0.0, 0.0, 1.0]]}, {"file_path": "img/0082", "transform_matrix": [[0.17364817766693036, 0.33682408883346515, -0.9254165783983231, -2.0359164724763117], [-1.2842734908845625e-17, 0.9396926207859084, 0.34202014332566877, 0.7524443153164714], [0.9848077530122081, -0.0593911746138847, 0.16317591116653482, 0.3589870045663767], [0.0, 0.0, 0.0, 1.0]]}, {"file_path": "img/0083", "transform_matrix": [[0.1736481776669303, 0.6330222215594892, -0.7544065067354891, -1.659694314818076], [1.0469493421309665e-17, 0.7660444431189782, 0.6427876096865394, 1.4141327413103868], [0.9848077530122079, -0.11161889704894966, 0.133022221559489, 0.29264888743087586], [0.0, 0.0, 0.0, 1.0]]}, {"file_path": "img/0084", "transform_matrix": [[-0.17364817766692994, -0.852868531952443, -0.49240387650610423, -1.0832885283134293], [-0.0, 0.5000000000000001, -0.8660254037844387, -1.9052558883257653], [0.9848077530122081, -0.15038373318043494, -0.08682408883346501, -0.19101299543362305], [0.0, 0.0, 0.0, 1.0]]}, {"file_path": "img/0085", "transform_matrix": [[-0.17364817766692997, -0.6330222215594893, -0.7544065067354891, -1.6596943148180756], [2.0938986842619332e-17, 0.7660444431189782, -0.6427876096865394, -1.4141327413103868], [0.9848077530122081, -0.11161889704894945, -0.13302222155948876, -0.29264888743087514], [0.0, 0.0, 0.0, 1.0]]}, {"file_path": "img/0086", "transform_matrix": [[-0.17364817766692994, -0.33682408883346515, -0.9254165783983234, -2.0359164724763117], [-1.926410236326844e-17, 0.9396926207859084, -0.34202014332566877, -0.7524443153164714], [0.9848077530122081, -0.05939117461388456, -0.16317591116653446, -0.35898700456637594], [0.0, 0.0, 0.0, 1.0]]}, {"file_path": "img/0087", "transform_matrix": [[-0.17364817766692997, -0.0, -0.9848077530122081, -2.166577056626858], [0.0, 1.0, 0.0, 0.0], [0.9848077530122081, 0.0, -0.17364817766692997, -0.382025990867246], [0.0, 0.0, 0.0, 1.0]]}, {"file_path": "img/0088", "transform_matrix": [[-0.17364817766692994, 0.33682408883346515, -0.9254165783983234, -2.0359164724763117], [1.926410236326844e-17, 0.9396926207859084, 0.34202014332566877, 0.7524443153164714], [0.9848077530122081, 0.05939117461388456, -0.16317591116653446, -0.35898700456637594], [0.0, 0.0, 0.0, 1.0]]}, {"file_path": "img/0089", "transform_matrix": [[-0.17364817766692997, 0.6330222215594893, -0.7544065067354891, -1.6596943148180756], [-2.0938986842619332e-17, 0.7660444431189782, 0.6427876096865394, 1.4141327413103868], [0.9848077530122081, 0.11161889704894945, -0.13302222155948876, -0.29264888743087514], [0.0, 0.0, 0.0, 1.0]]}, {"file_path": "img/0090", "transform_matrix": [[-0.5000000000000001, -0.75, -0.4330127018922194, -0.9526279441628828], [-0.0, 0.5000000000000001, -0.8660254037844385, -1.9052558883257649], [0.8660254037844385, -0.43301270189221935, -0.25000000000000006, -0.55], [0.0, 0.0, 0.0, 1.0]]}, {"file_path": "img/0091", "transform_matrix": [[-0.5000000000000001, -0.5566703992264193, -0.6634139481689384, -1.4595106859716644], [3.6826872005731775e-17, 0.766044443118978, -0.6427876096865393, -1.4141327413103866], [0.8660254037844385, -0.32139380484326974, -0.38302222155948923, -0.8426488874308763], [0.0, 0.0, 0.0, 1.0]]}, {"file_path": "img/0092", "transform_matrix": [[-0.5000000000000001, -0.29619813272602386, -0.8137976813493737, -1.7903548989686222], [0.0, 0.9396926207859084, -0.3420201433256687, -0.7524443153164713], [0.8660254037844385, -0.17101007166283436, -0.46984631039295427, -1.0336618828644997], [0.0, 0.0, 0.0, 1.0]]}, {"file_path": "img/0093", "transform_matrix": [[-0.5000000000000001, -0.0, -0.8660254037844386, -1.905255888325765], [0.0, 1.0, 0.0, 0.0], [0.8660254037844385, 0.0, -0.5000000000000001, -1.1000000000000003], [0.0, 0.0, 0.0, 1.0]]}, {"file_path": "img/0094", "transform_matrix": [[-0.5000000000000001, 0.29619813272602386, -0.8137976813493737, -1.7903548989686222], [0.0, 0.9396926207859084, 0.3420201433256687, 0.7524443153164713], [0.8660254037844385, 0.17101007166283436, -0.46984631039295427, -1.0336618828644997], [0.0, 0.0, 0.0, 1.0]]}, {"file_path": "img/0095", "transform_matrix": [[-0.5000000000000001, 0.5566703992264193, -0.6634139481689384, -1.4595106859716644], [-3.6826872005731775e-17, 0.766044443118978, 0.6427876096865393, 1.4141327413103866], [0.8660254037844385, 0.32139380484326974, -0.38302222155948923, -0.8426488874308763], [0.0, 0.0, 0.0, 1.0]]}, {"file_path": "img/0096", "transform_matrix": [[-0.7660444431189778, -0.5566703992264196, -0.3213938048432699, -0.7070663706551936], [-1.2819751242557095e-16, 0.5000000000000001, -0.8660254037844386, -1.905255888325765], [0.6427876096865397, -0.6634139481689382, -0.383022221559489, -0.8426488874308756], [0.0, 0.0, 0.0, 1.0]]}, {"file_path": "img/0097", "transform_matrix": [[-0.7660444431189777, -0.41317591116653507, -0.4924038765061043, -1.0832885283134297], [1.4492932291302092e-16, 0.766044443118978, -0.6427876096865394, -1.4141327413103868], [0.6427876096865396, -0.492403876506104, -0.5868240888334652, -1.2910129954336234], [0.0, 0.0, 0.0, 1.0]]}, {"file_path": "img/0098", "transform_matrix": [[-0.7660444431189778, -0.21984631039295421, -0.6040227735550538, -1.328850101821119], [-5.907373326485344e-17, 0.9396926207859083, -0.3420201433256686, -0.7524443153164712], [0.6427876096865396, -0.2620026302293848, -0.7198463103929539, -1.583661882864499], [0.0, 0.0, 0.0, 1.0]]}, {"file_path": "img/0099", "transform_matrix": [[-0.7660444431189778, -0.0, -0.6427876096865397, -1.4141327413103875], [0.0, 1.0, 0.0, 0.0], [0.6427876096865397, -0.0, -0.7660444431189779, -1.6852977748617515], [0.0, 0.0, 0.0, 1.0]]}, {"file_path": "img/0100", "transform_matrix": [[-0.7660444431189778, 0.21984631039295421, -0.6040227735550538, -1.328850101821119], [5.907373326485344e-17, 0.9396926207859083, 0.3420201433256686, 0.7524443153164712], [0.6427876096865396, 0.2620026302293848, -0.7198463103929539, -1.583661882864499], [0.0, 0.0, 0.0, 1.0]]}, {"file_path": "img/0101", "transform_matrix": [[-0.7660444431189777, 0.41317591116653507, -0.4924038765061043, -1.0832885283134297], [-1.4492932291302092e-16, 0.766044443118978, 0.6427876096865394, 1.4141327413103868], [0.6427876096865396, 0.492403876506104, -0.5868240888334652, -1.2910129954336234], [0.0, 0.0, 0.0, 1.0]]}, {"file_path": "img/0102", "transform_matrix": [[-0.9396926207859084, -0.29619813272602363, -0.17101007166283436, -0.3762221576582356], [-3.2049378106392736e-17, 0.5000000000000001, -0.8660254037844385, -1.905255888325765], [0.34202014332566855, -0.8137976813493736, -0.4698463103929544, -1.0336618828644997], [0.0, 0.0, 0.0, 1.0]]}, {"file_path": "img/0103", "transform_matrix": [[-0.9396926207859084, -0.2198463103929542, -0.2620026302293849, -0.5764057865046468], [3.6232330728255235e-17, 0.7660444431189781, -0.6427876096865394, -1.4141327413103868], [0.3420201433256687, -0.6040227735550538, -0.7198463103929543, -1.5836618828644995], [0.0, 0.0, 0.0, 1.0]]}, {"file_path": "img/0104", "transform_matrix": [[-0.9396926207859083, -0.1169777784405109, -0.32139380484326957, -0.7070663706551934], [0.0, 0.9396926207859082, -0.34202014332566866, -0.7524443153164714], [0.3420201433256686, -0.32139380484326957, -0.8830222215594891, -1.9426488874308765], [0.0, 0.0, 0.0, 1.0]]}, {"file_path": "img/0105", "transform_matrix": [[-0.9396926207859084, -0.0, -0.34202014332566855, -0.7524443153164709], [0.0, 0.9999999999999998, 0.0, 0.0], [0.3420201433256685, -0.0, -0.9396926207859083, -2.067323765728999], [0.0, 0.0, 0.0, 1.0]]}, {"file_path": "img/0106", "transform_matrix": [[-0.9396926207859083, 0.1169777784405109, -0.32139380484326957, -0.7070663706551934], [0.0, 0.9396926207859082, 0.34202014332566866, 0.7524443153164714], [0.3420201433256686, 0.32139380484326957, -0.8830222215594891, -1.9426488874308765], [0.0, 0.0, 0.0, 1.0]]}, {"file_path": "img/0107", "transform_matrix": [[-0.9396926207859084, 0.2198463103929542, -0.2620026302293849, -0.5764057865046468], [-3.6232330728255235e-17, 0.7660444431189781, 0.6427876096865394, 1.4141327413103868], [0.3420201433256687, 0.6040227735550538, -0.7198463103929543, -1.5836618828644995], [0.0, 0.0, 0.0, 1.0]]}]}